任务3：东方财富概念资金流入情况
================================================================================

📊 东方财富概念板块资金流入情况
分析日期: 20251203
板块数量: 441

排名     板块代码            板块名称                      主力净流入(万)           超大单(万)          大单(万)           中单(万)           小单(万)          
--------------------------------------------------------------------------------------------------------------------------------------------
1      BK0695.DC       小金属概念                                0.00          0.00          0.00          0.00          0.00
2      BK1057.DC       电子纸概念                                0.00          0.00          0.00          0.00          0.00
3      BK0948.DC       MicroLED                             0.00          0.00          0.00          0.00          0.00
4      BK1065.DC       气溶胶检测                                0.00          0.00          0.00          0.00          0.00
5      BK1142.DC       裸眼3D                                 0.00          0.00          0.00          0.00          0.00
6      BK0889.DC       医疗美容                                 0.00          0.00          0.00          0.00          0.00
7      BK0840.DC       OLED                                 0.00          0.00          0.00          0.00          0.00
8      BK0577.DC       核能核电                                 0.00          0.00          0.00          0.00          0.00
9      BK1023.DC       培育钻石                                 0.00          0.00          0.00          0.00          0.00
10     BK0902.DC       MiniLED                              0.00          0.00          0.00          0.00          0.00
11     BK1175.DC       玻璃基板                                 0.00          0.00          0.00          0.00          0.00
12     BK0817.DC       昨日触板                                 0.00          0.00          0.00          0.00          0.00
13     BK1094.DC       钙钛矿电池                                0.00          0.00          0.00          0.00          0.00
14     BK0578.DC       稀土永磁                                 0.00          0.00          0.00          0.00          0.00
15     BK0906.DC       流感                                   0.00          0.00          0.00          0.00          0.00
16     BK0498.DC       AB股                                  0.00          0.00          0.00          0.00          0.00
17     BK0881.DC       3D玻璃                                 0.00          0.00          0.00          0.00          0.00
18     BK0519.DC       稀缺资源                                 0.00          0.00          0.00          0.00          0.00
19     BK0904.DC       广电                                   0.00          0.00          0.00          0.00          0.00
20     BK1068.DC       净水概念                                 0.00          0.00          0.00          0.00          0.00
21     BK0676.DC       独家药品                                 0.00          0.00          0.00          0.00          0.00
22     BK0818.DC       可燃冰                                  0.00          0.00          0.00          0.00          0.00
23     BK1144.DC       高压快充                                 0.00          0.00          0.00          0.00          0.00
24     BK1073.DC       啤酒概念                                 0.00          0.00          0.00          0.00          0.00
25     BK0938.DC       代糖概念                                 0.00          0.00          0.00          0.00          0.00
26     BK0685.DC       举牌                                   0.00          0.00          0.00          0.00          0.00
27     BK0894.DC       阿兹海默                                 0.00          0.00          0.00          0.00          0.00
28     BK0996.DC       毛发医疗                                 0.00          0.00          0.00          0.00          0.00
29     BK1103.DC       熔盐储能                                 0.00          0.00          0.00          0.00          0.00
30     BK0882.DC       猪肉概念                                 0.00          0.00          0.00          0.00          0.00
31     BK0967.DC       水产养殖                                 0.00          0.00          0.00          0.00          0.00
32     BK0603.DC       页岩气                                  0.00          0.00          0.00          0.00          0.00
33     BK1082.DC       噪声防治                                 0.00          0.00          0.00          0.00          0.00
34     BK0862.DC       超级真菌                                 0.00          0.00          0.00          0.00          0.00
35     BK1628.DC       2025三季报扭亏                            0.00          0.00          0.00          0.00          0.00
36     BK0636.DC       B股                                   0.00          0.00          0.00          0.00          0.00
37     BK0979.DC       低碳冶金                                 0.00          0.00          0.00          0.00          0.00
38     BK1063.DC       重组蛋白                                 0.00          0.00          0.00          0.00          0.00
39     BK1079.DC       户外露营                                 0.00          0.00          0.00          0.00          0.00
40     BK0944.DC       肝素概念                                 0.00          0.00          0.00          0.00          0.00
41     BK0656.DC       智能电视                                 0.00          0.00          0.00          0.00          0.00
42     BK1099.DC       轮毂电机                                 0.00          0.00          0.00          0.00          0.00
43     BK1199.DC       2025三季报预减                            0.00          0.00          0.00          0.00          0.00
44     BK0933.DC       退税商店                                 0.00          0.00          0.00          0.00          0.00
45     BK0606.DC       油气设服                                 0.00          0.00          0.00          0.00          0.00
46     BK0622.DC       地热能                                  0.00          0.00          0.00          0.00          0.00
47     BK0679.DC       超导概念                                 0.00          0.00          0.00          0.00          0.00
48     BK0950.DC       草甘膦                                  0.00          0.00          0.00          0.00          0.00
49     BK0887.DC       鸡肉概念                                 0.00          0.00          0.00          0.00          0.00
50     BK0805.DC       钛白粉                                  0.00          0.00          0.00          0.00          0.00
51     BK1076.DC       建筑节能                                 0.00          0.00          0.00          0.00          0.00
52     BK1098.DC       生物质能发电                               0.00          0.00          0.00          0.00          0.00
53     BK0866.DC       人造肉                                  0.00          0.00          0.00          0.00          0.00
54     BK0850.DC       进口博览                                 0.00          0.00          0.00          0.00          0.00
55     BK1025.DC       预制菜概念                                0.00          0.00          0.00          0.00          0.00
56     BK0615.DC       中药概念                                 0.00          0.00          0.00          0.00          0.00
57     BK0993.DC       宠物经济                                 0.00          0.00          0.00          0.00          0.00
58     BK0907.DC       转基因                                  0.00          0.00          0.00          0.00          0.00
59     BK1121.DC       第四代半导体                               0.00          0.00          0.00          0.00          0.00
60     BK1074.DC       托育服务                                 0.00          0.00          0.00          0.00          0.00
61     BK0520.DC       社保重仓                                 0.00          0.00          0.00          0.00          0.00
62     BK0936.DC       长寿药                                  0.00          0.00          0.00          0.00          0.00
63     BK0872.DC       青蒿素                                  0.00          0.00          0.00          0.00          0.00
64     BK1006.DC       碳基材料                                 0.00          0.00          0.00          0.00          0.00
65     BK1003.DC       抽水蓄能                                 0.00          0.00          0.00          0.00          0.00
66     BK0975.DC       磁悬浮概念                                0.00          0.00          0.00          0.00          0.00
67     BK1109.DC       供销社概念                                0.00          0.00          0.00          0.00          0.00
68     BK1177.DC       荣耀概念                                 0.00          0.00          0.00          0.00          0.00
69     BK1084.DC       数字哨兵                                 0.00          0.00          0.00          0.00          0.00
70     BK0939.DC       辅助生殖                                 0.00          0.00          0.00          0.00          0.00
71     BK0909.DC       降解塑料                                 0.00          0.00          0.00          0.00          0.00
72     BK1066.DC       民爆概念                                 0.00          0.00          0.00          0.00          0.00
73     BK0895.DC       维生素                                  0.00          0.00          0.00          0.00          0.00
74     BK0803.DC       股权转让                                 0.00          0.00          0.00          0.00          0.00
75     BK0914.DC       医废处理                                 0.00          0.00          0.00          0.00          0.00
76     BK1056.DC       幽门螺杆菌概念                              0.00          0.00          0.00          0.00          0.00
77     BK0892.DC       乳业                                   0.00          0.00          0.00          0.00          0.00
78     BK0838.DC       东北振兴                                 0.00          0.00          0.00          0.00          0.00
79     BK0880.DC       UWB概念                                0.00          0.00          0.00          0.00          0.00
80     BK0566.DC       滨海新区                                 0.00          0.00          0.00          0.00          0.00
81     BK0942.DC       商汤概念                                 0.00          0.00          0.00          0.00          0.00
82     BK0991.DC       工程机械概念                               0.00          0.00          0.00          0.00          0.00
83     BK0955.DC       C2M概念                                0.00          0.00          0.00          0.00          0.00
84     BK1158.DC       微盘股                                  0.00          0.00          0.00          0.00          0.00
85     BK1086.DC       粮食概念                                 0.00          0.00          0.00          0.00          0.00
86     BK1014.DC       发电机概念                                0.00          0.00          0.00          0.00          0.00
87     BK1146.DC       减肥药                                  0.00          0.00          0.00          0.00          0.00
88     BK1085.DC       痘病毒防治                                0.00          0.00          0.00          0.00          0.00
89     BK1160.DC       柔性屏(折叠屏)                             0.00          0.00          0.00          0.00          0.00
90     BK0982.DC       电子车牌                                 0.00          0.00          0.00          0.00          0.00
91     BK1054.DC       DRG/DIP                              0.00          0.00          0.00          0.00          0.00
92     BK1116.DC       抗菌面料                                 0.00          0.00          0.00          0.00          0.00
93     BK0959.DC       数字阅读                                 0.00          0.00          0.00          0.00          0.00
94     BK1113.DC       复合集流体                                0.00          0.00          0.00          0.00          0.00
95     BK0870.DC       单抗概念                                 0.00          0.00          0.00          0.00          0.00
96     BK0698.DC       免疫治疗                                 0.00          0.00          0.00          0.00          0.00
97     BK0958.DC       虚拟电厂                                 0.00          0.00          0.00          0.00          0.00
98     BK0928.DC       抖音小店                                 0.00          0.00          0.00          0.00          0.00
99     BK0943.DC       汽车拆解                                 0.00          0.00          0.00          0.00          0.00
100    BK0977.DC       碳化硅                                  0.00          0.00          0.00          0.00          0.00
101    BK0868.DC       GDR                                  0.00          0.00          0.00          0.00          0.00
102    BK0669.DC       生态农业                                 0.00          0.00          0.00          0.00          0.00
103    BK1078.DC       肝炎概念                                 0.00          0.00          0.00          0.00          0.00
104    BK0926.DC       湖北自贸                                 0.00          0.00          0.00          0.00          0.00
105    BK1119.DC       PLC概念                                0.00          0.00          0.00          0.00          0.00
106    BK1070.DC       土壤修复                                 0.00          0.00          0.00          0.00          0.00
107    BK1011.DC       环氧丙烷                                 0.00          0.00          0.00          0.00          0.00
108    BK1171.DC       碳纤维                                  0.00          0.00          0.00          0.00          0.00
109    BK1092.DC       麒麟电池                                 0.00          0.00          0.00          0.00          0.00
110    BK0990.DC       快递概念                                 0.00          0.00          0.00          0.00          0.00
111    BK1147.DC       SPD概念                                0.00          0.00          0.00          0.00          0.00
112    BK0913.DC       消毒剂                                  0.00          0.00          0.00          0.00          0.00
113    BK1143.DC       空间计算                                 0.00          0.00          0.00          0.00          0.00
114    BK1095.DC       钒电池                                  0.00          0.00          0.00          0.00          0.00
115    BK1007.DC       植物照明                                 0.00          0.00          0.00          0.00          0.00
116    BK0875.DC       ETC                                  0.00          0.00          0.00          0.00          0.00
117    BK0614.DC       食品安全                                 0.00          0.00          0.00          0.00          0.00
118    BK0924.DC       地摊经济                                 0.00          0.00          0.00          0.00          0.00
119    BK0855.DC       纳米银                                  0.00          0.00          0.00          0.00          0.00
120    BK0856.DC       工业大麻                                 0.00          0.00          0.00          0.00          0.00
121    BK0547.DC       黄金概念                                 0.00          0.00          0.00          0.00          0.00
122    BK1125.DC       电子后视镜                                0.00          0.00          0.00          0.00          0.00
123    BK0807.DC       共享经济                                 0.00          0.00          0.00          0.00          0.00
124    BK1058.DC       地下管网                                 0.00          0.00          0.00          0.00          0.00
125    BK0548.DC       生物疫苗                                 0.00          0.00          0.00          0.00          0.00
126    BK0974.DC       化妆品概念                                0.00          0.00          0.00          0.00          0.00
127    BK0699.DC       全息技术                                 0.00          0.00          0.00          0.00          0.00
128    BK1131.DC       同步磁阻电机                               0.00          0.00          0.00          0.00          0.00
129    BK1069.DC       智慧灯杆                                 0.00          0.00          0.00          0.00          0.00
130    BK1026.DC       调味品概念                                0.00          0.00          0.00          0.00          0.00
131    BK0954.DC       盲盒经济                                 0.00          0.00          0.00          0.00          0.00
132    BK1148.DC       BC电池                                 0.00          0.00          0.00          0.00          0.00
133    BK1132.DC       MLOps概念                              0.00          0.00          0.00          0.00          0.00
134    BK1087.DC       超超临界发电                               0.00          0.00          0.00          0.00          0.00
135    BK1165.DC       娃哈哈概念                                0.00          0.00          0.00          0.00          0.00
136    BK1129.DC       数字水印                                 0.00          0.00          0.00          0.00          0.00
137    BK1179.DC       房屋检测                                 0.00          0.00          0.00          0.00          0.00
138    BK0822.DC       租售同权                                 0.00          0.00          0.00          0.00          0.00
139    BK0951.DC       刀片电池                                 0.00          0.00          0.00          0.00          0.00
140    BK0632.DC       土地流转                                 0.00          0.00          0.00          0.00          0.00
141    BK0619.DC       3D打印                                 0.00          0.00          0.00          0.00          0.00
142    BK0693.DC       基因测序                                 0.00          0.00          0.00          0.00          0.00
143    BK0703.DC       超级电容                                 0.00          0.00          0.00          0.00          0.00
144    BK1093.DC       汽车一体化压铸                              0.00          0.00          0.00          0.00          0.00
145    BK0692.DC       旅游概念                                 0.00          0.00          0.00          0.00          0.00
146    BK1180.DC       华为海思                                 0.00          0.00          0.00          0.00          0.00
147    BK1010.DC       磷化工                                  0.00          0.00          0.00          0.00          0.00
148    BK0671.DC       彩票概念                                 0.00          0.00          0.00          0.00          0.00
149    BK0853.DC       电子竞技                                 0.00          0.00          0.00          0.00          0.00
150    BK0932.DC       尾气治理                                 0.00          0.00          0.00          0.00          0.00
151    BK1186.DC       首发经济                                 0.00          0.00          0.00          0.00          0.00
152    BK0947.DC       屏下摄像                                 0.00          0.00          0.00          0.00          0.00
153    BK0885.DC       VPN                                  0.00          0.00          0.00          0.00          0.00
154    BK0888.DC       农业种植                                 0.00          0.00          0.00          0.00          0.00
155    BK0949.DC       氦气概念                                 0.00          0.00          0.00          0.00          0.00
156    BK0592.DC       铁路基建                                 0.00          0.00          0.00          0.00          0.00
157    BK0908.DC       HIT电池                                0.00          0.00          0.00          0.00          0.00
158    BK1080.DC       新型城镇化                                0.00          0.00          0.00          0.00          0.00
159    BK0842.DC       富士康                                  0.00          0.00          0.00          0.00          0.00
160    BK1004.DC       工业母机                                 0.00          0.00          0.00          0.00          0.00
161    BK0890.DC       MLCC                                 0.00          0.00          0.00          0.00          0.00
162    BK0981.DC       工业气体                                 0.00          0.00          0.00          0.00          0.00
163    BK1189.DC       腾讯云                                  0.00          0.00          0.00          0.00          0.00
164    BK0965.DC       社区团购                                 0.00          0.00          0.00          0.00          0.00
165    BK0597.DC       水利建设                                 0.00          0.00          0.00          0.00          0.00
166    BK0492.DC       煤化工                                  0.00          0.00          0.00          0.00          0.00
167    BK0976.DC       被动元件                                 0.00          0.00          0.00          0.00          0.00
168    BK0825.DC       新零售                                  0.00          0.00          0.00          0.00          0.00
169    BK0898.DC       胎压监测                                 0.00          0.00          0.00          0.00          0.00
170    BK1013.DC       华为欧拉                                 0.00          0.00          0.00          0.00          0.00
171    BK1102.DC       空气能热泵                                0.00          0.00          0.00          0.00          0.00
172    BK0677.DC       粤港自贸                                 0.00          0.00          0.00          0.00          0.00
173    BK0580.DC       LED                                  0.00          0.00          0.00          0.00          0.00
174    BK1185.DC       冰雪经济                                 0.00          0.00          0.00          0.00          0.00
175    BK1077.DC       统一大市场                                0.00          0.00          0.00          0.00          0.00
176    BK1145.DC       机器人执行器                               0.00          0.00          0.00          0.00          0.00
177    BK0992.DC       REITs概念                              0.00          0.00          0.00          0.00          0.00
178    BK0841.DC       体外诊断                                 0.00          0.00          0.00          0.00          0.00
179    BK1168.DC       铜缆高速连接                               0.00          0.00          0.00          0.00          0.00
180    BK0643.DC       上海自贸                                 0.00          0.00          0.00          0.00          0.00
181    BK1170.DC       AI制药（医疗）                             0.00          0.00          0.00          0.00          0.00
182    BK1012.DC       PVDF概念                               0.00          0.00          0.00          0.00          0.00
183    BK0839.DC       知识产权                                 0.00          0.00          0.00          0.00          0.00
184    BK0724.DC       海绵城市                                 0.00          0.00          0.00          0.00          0.00
185    BK1097.DC       TOPCon电池                             0.00          0.00          0.00          0.00          0.00
186    BK1075.DC       电子身份证                                0.00          0.00          0.00          0.00          0.00
187    BK0708.DC       体育产业                                 0.00          0.00          0.00          0.00          0.00
188    BK0957.DC       拼多多概念                                0.00          0.00          0.00          0.00          0.00
189    BK0983.DC       核污染防治                                0.00          0.00          0.00          0.00          0.00
190    BK0672.DC       沪企改革                                 0.00          0.00          0.00          0.00          0.00
191    BK0806.DC       精准医疗                                 0.00          0.00          0.00          0.00          0.00
192    BK1192.DC       雅下水电概念                               0.00          0.00          0.00          0.00          0.00
193    BK0847.DC       影视概念                                 0.00          0.00          0.00          0.00          0.00
194    BK1133.DC       ERP概念                                0.00          0.00          0.00          0.00          0.00
195    BK0994.DC       空间站概念                                0.00          0.00          0.00          0.00          0.00
196    BK0675.DC       病毒防治                                 0.00          0.00          0.00          0.00          0.00
197    BK0971.DC       注册制次新股                               0.00          0.00          0.00          0.00          0.00
198    BK1163.DC       可控核聚变                                0.00          0.00          0.00          0.00          0.00
199    BK0986.DC       CAR-T细胞疗法                            0.00          0.00          0.00          0.00          0.00
200    BK1048.DC       IGBT概念                               0.00          0.00          0.00          0.00          0.00
201    BK0927.DC       免税概念                                 0.00          0.00          0.00          0.00          0.00
202    BK0915.DC       WiFi                                 0.00          0.00          0.00          0.00          0.00
203    BK0980.DC       化债(AMC)概念                            0.00          0.00          0.00          0.00          0.00
204    BK0625.DC       通用航空                                 0.00          0.00          0.00          0.00          0.00
205    BK1156.DC       PEEK材料概念                             0.00          0.00          0.00          0.00          0.00
206    BK0899.DC       CRO                                  0.00          0.00          0.00          0.00          0.00
207    BK0849.DC       京东金融                                 0.00          0.00          0.00          0.00          0.00
208    BK1118.DC       数据确权                                 0.00          0.00          0.00          0.00          0.00
209    BK1141.DC       混合现实                                 0.00          0.00          0.00          0.00          0.00
210    BK0674.DC       蓝宝石                                  0.00          0.00          0.00          0.00          0.00
211    BK1053.DC       低价股                                  0.00          0.00          0.00          0.00          0.00
212    BK0511.DC       ST股                                  0.00          0.00          0.00          0.00          0.00
213    BK0834.DC       乡村振兴                                 0.00          0.00          0.00          0.00          0.00
214    BK1128.DC       CPO概念                                0.00          0.00          0.00          0.00          0.00
215    BK1127.DC       AI芯片                                 0.00          0.00          0.00          0.00          0.00
216    BK1049.DC       EDR概念                                0.00          0.00          0.00          0.00          0.00
217    BK0901.DC       3D摄像头                                0.00          0.00          0.00          0.00          0.00
218    BK0945.DC       装配建筑                                 0.00          0.00          0.00          0.00          0.00
219    BK1024.DC       绿色电力                                 0.00          0.00          0.00          0.00          0.00
220    BK0918.DC       特高压                                  0.00          0.00          0.00          0.00          0.00
221    BK0684.DC       京津冀                                  0.00          0.00          0.00          0.00          0.00
222    BK1089.DC       汽车热管理                                0.00          0.00          0.00          0.00          0.00
223    BK1022.DC       职业教育                                 0.00          0.00          0.00          0.00          0.00
224    BK1107.DC       科创板做市商                               0.00          0.00          0.00          0.00          0.00
225    BK0501.DC       次新股                                  0.00          0.00          0.00          0.00          0.00
226    BK0617.DC       石墨烯                                  0.00          0.00          0.00          0.00          0.00
227    BK0961.DC       有机硅                                  0.00          0.00          0.00          0.00          0.00
228    BK1130.DC       时空大数据                                0.00          0.00          0.00          0.00          0.00
229    BK0873.DC       垃圾分类                                 0.00          0.00          0.00          0.00          0.00
230    BK1008.DC       国资云概念                                0.00          0.00          0.00          0.00          0.00
231    BK0664.DC       婴童概念                                 0.00          0.00          0.00          0.00          0.00
232    BK1108.DC       科创板做市股                               0.00          0.00          0.00          0.00          0.00
233    BK0715.DC       航母概念                                 0.00          0.00          0.00          0.00          0.00
234    BK0512.DC       化工原料                                 0.00          0.00          0.00          0.00          0.00
235    BK1152.DC       高带宽内存                                0.00          0.00          0.00          0.00          0.00
236    BK0998.DC       机器视觉                                 0.00          0.00          0.00          0.00          0.00
237    BK0877.DC       PCB                                  0.00          0.00          0.00          0.00          0.00
238    BK1149.DC       星闪概念                                 0.00          0.00          0.00          0.00          0.00
239    BK0925.DC       北交所概念                                0.00          0.00          0.00          0.00          0.00
240    BK0985.DC       换电概念                                 0.00          0.00          0.00          0.00          0.00
241    BK0970.DC       生物识别                                 0.00          0.00          0.00          0.00          0.00
242    BK0843.DC       天然气                                  0.00          0.00          0.00          0.00          0.00
243    BK1190.DC       虚拟机器人                                0.00          0.00          0.00          0.00          0.00
244    BK0946.DC       EDA概念                                0.00          0.00          0.00          0.00          0.00
245    BK1161.DC       英伟达概念                                0.00          0.00          0.00          0.00          0.00
246    BK0995.DC       华为昇腾                                 0.00          0.00          0.00          0.00          0.00
247    BK0896.DC       白酒                                   0.00          0.00          0.00          0.00          0.00
248    BK0861.DC       数字孪生                                 0.00          0.00          0.00          0.00          0.00
249    BK0814.DC       大飞机                                  0.00          0.00          0.00          0.00          0.00
250    BK1198.DC       2025三季报预增                            0.00          0.00          0.00          0.00          0.00
251    BK0852.DC       冷链物流                                 0.00          0.00          0.00          0.00          0.00
252    BK1183.DC       谷子经济                                 0.00          0.00          0.00          0.00          0.00
253    BK0697.DC       IPO受益                                0.00          0.00          0.00          0.00          0.00
254    BK0935.DC       中芯概念                                 0.00          0.00          0.00          0.00          0.00
255    BK1150.DC       新型工业化                                0.00          0.00          0.00          0.00          0.00
256    BK1157.DC       飞行汽车(eVTOL)                          0.00          0.00          0.00          0.00          0.00
257    BK1072.DC       中俄贸易概念                               0.00          0.00          0.00          0.00          0.00
258    BK1172.DC       AI语料                                 0.00          0.00          0.00          0.00          0.00
259    BK0706.DC       人脑工程                                 0.00          0.00          0.00          0.00          0.00
260    BK0524.DC       参股期货                                 0.00          0.00          0.00          0.00          0.00
261    BK1169.DC       Kimi概念                               0.00          0.00          0.00          0.00          0.00
262    BK1195.DC       2025中报预减                             0.00          0.00          0.00          0.00          0.00
263    BK1106.DC       创新药                                  0.00          0.00          0.00          0.00          0.00
264    BK1101.DC       Chiplet概念                            0.00          0.00          0.00          0.00          0.00
265    BK1001.DC       内贸流通                                 0.00          0.00          0.00          0.00          0.00
266    BK0604.DC       参股保险                                 0.00          0.00          0.00          0.00          0.00
267    BK1100.DC       减速器                                  0.00          0.00          0.00          0.00          0.00
268    BK0534.DC       成渝特区                                 0.00          0.00          0.00          0.00          0.00
269    BK0823.DC       养老金                                  0.00          0.00          0.00          0.00          0.00
270    BK1176.DC       财税数字化                                0.00          0.00          0.00          0.00          0.00
271    BK1151.DC       短剧互动游戏                               0.00          0.00          0.00          0.00          0.00
272    BK0811.DC       超级品牌                                 0.00          0.00          0.00          0.00          0.00
273    BK0595.DC       风能                                   0.00          0.00          0.00          0.00          0.00
274    BK1193.DC       海南自贸                                 0.00          0.00          0.00          0.00          0.00
275    BK0916.DC       氮化镓                                  0.00          0.00          0.00          0.00          0.00
276    BK0600.DC       参股新三板                                0.00          0.00          0.00          0.00          0.00
277    BK0883.DC       数字货币                                 0.00          0.00          0.00          0.00          0.00
278    BK0937.DC       蚂蚁概念                                 0.00          0.00          0.00          0.00          0.00
279    BK0653.DC       养老概念                                 0.00          0.00          0.00          0.00          0.00
280    BK0969.DC       汽车芯片                                 0.00          0.00          0.00          0.00          0.00
281    BK0623.DC       海洋经济                                 0.00          0.00          0.00          0.00          0.00
282    BK0966.DC       碳交易                                  0.00          0.00          0.00          0.00          0.00
283    BK0721.DC       PPP模式                                0.00          0.00          0.00          0.00          0.00
284    BK1002.DC       激光雷达                                 0.00          0.00          0.00          0.00          0.00
285    BK0816.DC       昨日连板                                 0.00          0.00          0.00          0.00          0.00
286    BK0912.DC       远程办公                                 0.00          0.00          0.00          0.00          0.00
287    BK1052.DC       动力电池回收                               0.00          0.00          0.00          0.00          0.00
288    BK1136.DC       光通信模块                                0.00          0.00          0.00          0.00          0.00
289    BK1064.DC       东数西算                                 0.00          0.00          0.00          0.00          0.00
290    BK0813.DC       雄安新区                                 0.00          0.00          0.00          0.00          0.00
291    BK1115.DC       跨境电商                                 0.00          0.00          0.00          0.00          0.00
292    BK0514.DC       参股券商                                 0.00          0.00          0.00          0.00          0.00
293    BK1182.DC       智谱AI                                 0.00          0.00          0.00          0.00          0.00
294    BK1155.DC       小米汽车                                 0.00          0.00          0.00          0.00          0.00
295    BK0801.DC       增强现实                                 0.00          0.00          0.00          0.00          0.00
296    BK1088.DC       F5G概念                                0.00          0.00          0.00          0.00          0.00
297    BK0897.DC       IPv6                                 0.00          0.00          0.00          0.00          0.00
298    BK0601.DC       海工装备                                 0.00          0.00          0.00          0.00          0.00
299    BK1000.DC       宁组合                                  0.00          0.00          0.00          0.00          0.00
300    BK0581.DC       智能电网                                 0.00          0.00          0.00          0.00          0.00
301    BK0972.DC       快手概念                                 0.00          0.00          0.00          0.00          0.00
302    BK1174.DC       合成生物                                 0.00          0.00          0.00          0.00          0.00
303    BK0837.DC       互联医疗                                 0.00          0.00          0.00          0.00          0.00
304    BK1071.DC       跨境支付                                 0.00          0.00          0.00          0.00          0.00
305    BK0668.DC       医疗器械概念                               0.00          0.00          0.00          0.00          0.00
306    BK0690.DC       氟化工                                  0.00          0.00          0.00          0.00          0.00
307    BK0984.DC       华为汽车                                 0.00          0.00          0.00          0.00          0.00
308    BK0556.DC       移动支付                                 0.00          0.00          0.00          0.00          0.00
309    BK1112.DC       破净股                                  0.00          0.00          0.00          0.00          0.00
310    BK1159.DC       Sora概念                               0.00          0.00          0.00          0.00          0.00
311    BK0865.DC       电子烟                                  0.00          0.00          0.00          0.00          0.00
312    BK0666.DC       苹果概念                                 0.00          0.00          0.00          0.00          0.00
313    BK0886.DC       智慧政务                                 0.00          0.00          0.00          0.00          0.00
314    BK0509.DC       网络游戏                                 0.00          0.00          0.00          0.00          0.00
315    BK0812.DC       贬值受益                                 0.00          0.00          0.00          0.00          0.00
316    BK0700.DC       充电桩                                  0.00          0.00          0.00          0.00          0.00
317    BK1139.DC       中特估                                  0.00          0.00          0.00          0.00          0.00
318    BK0535.DC       QFII重仓                               0.00          0.00          0.00          0.00          0.00
319    BK1187.DC       小红书概念                                0.00          0.00          0.00          0.00          0.00
320    BK0997.DC       NFT概念                                0.00          0.00          0.00          0.00          0.00
321    BK0667.DC       国家安防                                 0.00          0.00          0.00          0.00          0.00
322    BK1153.DC       多模态AI                                0.00          0.00          0.00          0.00          0.00
323    BK0505.DC       中字头                                  0.00          0.00          0.00          0.00          0.00
324    BK0610.DC       央视50_                                0.00          0.00          0.00          0.00          0.00
325    BK1110.DC       Web3.0                               0.00          0.00          0.00          0.00          0.00
326    BK1181.DC       并购重组概念                               0.00          0.00          0.00          0.00          0.00
327    BK0680.DC       智能家居                                 0.00          0.00          0.00          0.00          0.00
328    BK0711.DC       券商概念                                 0.00          0.00          0.00          0.00          0.00
329    BK0682.DC       燃料电池                                 0.00          0.00          0.00          0.00          0.00
330    BK1173.DC       锂矿概念                                 0.00          0.00          0.00          0.00          0.00
331    BK0988.DC       钠离子电池                                0.00          0.00          0.00          0.00          0.00
332    BK0493.DC       新能源                                  0.00          0.00          0.00          0.00          0.00
333    BK0629.DC       北斗导航                                 0.00          0.00          0.00          0.00          0.00
334    BK1124.DC       毫米波概念                                0.00          0.00          0.00          0.00          0.00
335    BK1197.DC       反内卷概念                                0.00          0.00          0.00          0.00          0.00
336    BK1196.DC       2025中报扭亏                             0.00          0.00          0.00          0.00          0.00
337    BK0884.DC       光刻机(胶)                               0.00          0.00          0.00          0.00          0.00
338    BK0905.DC       传感器                                  0.00          0.00          0.00          0.00          0.00
339    BK0953.DC       鸿蒙概念                                 0.00          0.00          0.00          0.00          0.00
340    BK1137.DC       存储芯片                                 0.00          0.00          0.00          0.00          0.00
341    BK0960.DC       无线充电                                 0.00          0.00          0.00          0.00          0.00
342    BK0859.DC       超清视频                                 0.00          0.00          0.00          0.00          0.00
343    BK1051.DC       昨日连板_含一字                             0.00          0.00          0.00          0.00          0.00
344    BK0952.DC       第三代半导体                               0.00          0.00          0.00          0.00          0.00
345    BK1126.DC       ChatGPT概念                            0.00          0.00          0.00          0.00          0.00
346    BK1047.DC       数据安全                                 0.00          0.00          0.00          0.00          0.00
347    BK1164.DC       AIPC                                 0.00          0.00          0.00          0.00          0.00
348    BK0665.DC       电商概念                                 0.00          0.00          0.00          0.00          0.00
349    BK0525.DC       参股银行                                 0.00          0.00          0.00          0.00          0.00
350    BK0921.DC       卫星互联网                                0.00          0.00          0.00          0.00          0.00
351    BK0588.DC       太阳能                                  0.00          0.00          0.00          0.00          0.00
352    BK0833.DC       小米概念                                 0.00          0.00          0.00          0.00          0.00
353    BK0940.DC       网红经济                                 0.00          0.00          0.00          0.00          0.00
354    BK0864.DC       氢能源                                  0.00          0.00          0.00          0.00          0.00
355    BK1162.DC       AI手机                                 0.00          0.00          0.00          0.00          0.00
356    BK0808.DC       军民融合                                 0.00          0.00          0.00          0.00          0.00
357    BK1135.DC       数据要素                                 0.00          0.00          0.00          0.00          0.00
358    BK0567.DC       股权激励                                 0.00          0.00          0.00          0.00          0.00
359    BK0523.DC       新材料                                  0.00          0.00          0.00          0.00          0.00
360    BK0710.DC       量子科技                                 0.00          0.00          0.00          0.00          0.00
361    BK1138.DC       液冷概念                                 0.00          0.00          0.00          0.00          0.00
362    BK0494.DC       节能环保                                 0.00          0.00          0.00          0.00          0.00
363    BK0528.DC       转债标的                                 0.00          0.00          0.00          0.00          0.00
364    BK0923.DC       抖音概念(字节概念)                           0.00          0.00          0.00          0.00          0.00
365    BK0964.DC       6G概念                                 0.00          0.00          0.00          0.00          0.00
366    BK0611.DC       上证50_                                0.00          0.00          0.00          0.00          0.00
367    BK1055.DC       虚拟数字人                                0.00          0.00          0.00          0.00          0.00
368    BK0809.DC       AI智能体                                0.00          0.00          0.00          0.00          0.00
369    BK1184.DC       人形机器人                                0.00          0.00          0.00          0.00          0.00
370    BK0835.DC       独角兽                                  0.00          0.00          0.00          0.00          0.00
371    BK0705.DC       上证380                                0.00          0.00          0.00          0.00          0.00
372    BK0832.DC       工业互联                                 0.00          0.00          0.00          0.00          0.00
373    BK0628.DC       智慧城市                                 0.00          0.00          0.00          0.00          0.00
374    BK0662.DC       在线教育                                 0.00          0.00          0.00          0.00          0.00
375    BK0999.DC       茅指数                                  0.00          0.00          0.00          0.00          0.00
376    BK0860.DC       边缘计算                                 0.00          0.00          0.00          0.00          0.00
377    BK0590.DC       西部大开发                                0.00          0.00          0.00          0.00          0.00
378    BK0920.DC       车联网(车路云)                             0.00          0.00          0.00          0.00          0.00
379    BK1061.DC       数字经济                                 0.00          0.00          0.00          0.00          0.00
380    BK0815.DC       昨日涨停                                 0.00          0.00          0.00          0.00          0.00
381    BK0963.DC       商业航天                                 0.00          0.00          0.00          0.00          0.00
382    BK1178.DC       AI眼镜                                 0.00          0.00          0.00          0.00          0.00
383    BK0536.DC       基金重仓                                 0.00          0.00          0.00          0.00          0.00
384    BK0704.DC       无人机                                  0.00          0.00          0.00          0.00          0.00
385    BK0689.DC       阿里概念                                 0.00          0.00          0.00          0.00          0.00
386    BK0641.DC       智能穿戴                                 0.00          0.00          0.00          0.00          0.00
387    BK1134.DC       算力概念                                 0.00          0.00          0.00          0.00          0.00
388    BK1050.DC       昨日涨停_含一字                             0.00          0.00          0.00          0.00          0.00
389    BK1005.DC       专精特新                                 0.00          0.00          0.00          0.00          0.00
390    BK1009.DC       元宇宙概念                                0.00          0.00          0.00          0.00          0.00
391    BK0490.DC       军工                                   0.00          0.00          0.00          0.00          0.00
392    BK0506.DC       创投                                   0.00          0.00          0.00          0.00          0.00
393    BK1194.DC       2025中报预增                             0.00          0.00          0.00          0.00          0.00
394    BK0968.DC       固态电池                                 0.00          0.00          0.00          0.00          0.00
395    BK1111.DC       AIGC概念                               0.00          0.00          0.00          0.00          0.00
396    BK0638.DC       创业成份                                 0.00          0.00          0.00          0.00          0.00
397    BK0845.DC       百度概念                                 0.00          0.00          0.00          0.00          0.00
398    BK0637.DC       互联金融                                 0.00          0.00          0.00          0.00          0.00
399    BK0594.DC       长江三角                                 0.00          0.00          0.00          0.00          0.00
400    BK0712.DC       一带一路                                 0.00          0.00          0.00          0.00          0.00
401    BK0644.DC       特斯拉                                  0.00          0.00          0.00          0.00          0.00
402    BK0696.DC       国产软件                                 0.00          0.00          0.00          0.00          0.00
403    BK0893.DC       无线耳机                                 0.00          0.00          0.00          0.00          0.00
404    BK0743.DC       深证100R                               0.00          0.00          0.00          0.00          0.00
405    BK1059.DC       百元股                                  0.00          0.00          0.00          0.00          0.00
406    BK0722.DC       虚拟现实                                 0.00          0.00          0.00          0.00          0.00
407    BK0655.DC       网络安全                                 0.00          0.00          0.00          0.00          0.00
408    BK0612.DC       上证180_                               0.00          0.00          0.00          0.00          0.00
409    BK1188.DC       DeepSeek概念                           0.00          0.00          0.00          0.00          0.00
410    BK0989.DC       储能                                   0.00          0.00          0.00          0.00          0.00
411    BK0499.DC       AH股                                  0.00          0.00          0.00          0.00          0.00
412    BK0922.DC       数据中心                                 0.00          0.00          0.00          0.00          0.00
413    BK0802.DC       无人驾驶                                 0.00          0.00          0.00          0.00          0.00
414    BK0549.DC       深圳特区                                 0.00          0.00          0.00          0.00          0.00
415    BK1166.DC       低空经济                                 0.00          0.00          0.00          0.00          0.00
416    BK0917.DC       半导体概念                                0.00          0.00          0.00          0.00          0.00
417    BK0830.DC       区块链                                  0.00          0.00          0.00          0.00          0.00
418    BK0718.DC       证金持股                                 0.00          0.00          0.00          0.00          0.00
419    BK0554.DC       物联网                                  0.00          0.00          0.00          0.00          0.00
420    BK0574.DC       锂电池                                  0.00          0.00          0.00          0.00          0.00
421    BK1090.DC       机器人概念                                0.00          0.00          0.00          0.00          0.00
422    BK0634.DC       大数据                                  0.00          0.00          0.00          0.00          0.00
423    BK1104.DC       信创                                   0.00          0.00          0.00          0.00          0.00
424    BK0714.DC       5G概念                                 0.00          0.00          0.00          0.00          0.00
425    BK0579.DC       云计算                                  0.00          0.00          0.00          0.00          0.00
426    BK0701.DC       中证500                                0.00          0.00          0.00          0.00          0.00
427    BK0900.DC       新能源车                                 0.00          0.00          0.00          0.00          0.00
428    BK0891.DC       国产芯片                                 0.00          0.00          0.00          0.00          0.00
429    BK0683.DC       央国企改革                                0.00          0.00          0.00          0.00          0.00
430    BK0500.DC       HS300_                               0.00          0.00          0.00          0.00          0.00
431    BK0552.DC       机构重仓                                 0.00          0.00          0.00          0.00          0.00
432    BK0854.DC       华为概念                                 0.00          0.00          0.00          0.00          0.00
433    BK0800.DC       人工智能                                 0.00          0.00          0.00          0.00          0.00
434    BK0742.DC       创业板综                                 0.00          0.00          0.00          0.00          0.00
435    BK0707.DC       沪股通                                  0.00          0.00          0.00          0.00          0.00
436    BK0568.DC       深成500                                0.00          0.00          0.00          0.00          0.00
437    BK0821.DC       MSCI中国                               0.00          0.00          0.00          0.00          0.00
438    BK0879.DC       标准普尔                                 0.00          0.00          0.00          0.00          0.00
439    BK0804.DC       深股通                                  0.00          0.00          0.00          0.00          0.00
440    BK0867.DC       富时罗素                                 0.00          0.00          0.00          0.00          0.00
441    BK0596.DC       融资融券                                 0.00          0.00          0.00          0.00          0.00